8.951900000000000546e+02,3.627000000000000000e+03
8.959900000000000091e+02,3.081000000000000000e+03
8.967999999999999545e+02,3.691000000000000000e+03
8.976000000000000227e+02,3.158000000000000000e+03
8.983999999999999773e+02,3.787000000000000000e+03
8.992100000000000364e+02,3.221000000000000000e+03
9.000099999999999909e+02,3.891000000000000000e+03
9.008200000000000500e+02,3.314000000000000000e+03
9.016200000000000045e+02,3.947000000000000000e+03
9.024199999999999591e+02,3.436000000000000000e+03
9.032300000000000182e+02,4.102000000000000000e+03
9.040299999999999727e+02,3.515000000000000000e+03
9.048300000000000409e+02,4.169000000000000000e+03
9.056399999999999864e+02,3.634000000000000000e+03
9.064400000000000546e+02,4.329000000000000000e+03
9.072500000000000000e+02,3.699000000000000000e+03
9.080499999999999545e+02,4.373000000000000000e+03
9.088500000000000227e+02,3.870000000000000000e+03
9.096599999999999682e+02,4.582000000000000000e+03
9.104600000000000364e+02,3.977000000000000000e+03
9.112699999999999818e+02,4.730000000000000000e+03
9.120700000000000500e+02,4.140000000000000000e+03
9.128700000000000045e+02,4.959000000000000000e+03
9.136799999999999500e+02,4.344000000000000000e+03
9.144800000000000182e+02,5.082000000000000000e+03
9.152899999999999636e+02,4.573000000000000000e+03
9.160900000000000318e+02,5.330000000000000000e+03
9.168899999999999864e+02,4.789000000000000000e+03
9.177000000000000455e+02,5.716000000000000000e+03
9.185000000000000000e+02,5.002000000000000000e+03
9.193099999999999454e+02,5.980000000000000000e+03
9.201100000000000136e+02,5.311000000000000000e+03
9.209099999999999682e+02,6.171000000000000000e+03
9.217200000000000273e+02,5.517000000000000000e+03
9.225199999999999818e+02,6.543000000000000000e+03
9.233200000000000500e+02,5.836000000000000000e+03
9.241299999999999955e+02,6.821000000000000000e+03
9.249299999999999500e+02,6.098000000000000000e+03
9.257400000000000091e+02,7.103000000000000000e+03
9.265399999999999636e+02,6.283000000000000000e+03
9.273400000000000318e+02,7.290000000000000000e+03
9.281499999999999773e+02,6.627000000000000000e+03
9.289500000000000455e+02,7.540000000000000000e+03
9.297599999999999909e+02,6.698000000000000000e+03
9.305599999999999454e+02,7.807000000000000000e+03
9.313600000000000136e+02,6.851000000000000000e+03
9.321699999999999591e+02,7.853000000000000000e+03
9.329700000000000273e+02,7.090000000000000000e+03
9.337699999999999818e+02,8.084000000000000000e+03
9.345800000000000409e+02,7.265000000000000000e+03
9.353799999999999955e+02,8.275000000000000000e+03
9.361900000000000546e+02,7.426000000000000000e+03
9.369900000000000091e+02,8.418000000000000000e+03
9.377899999999999636e+02,7.573000000000000000e+03
9.386000000000000227e+02,8.617000000000000000e+03
9.393999999999999773e+02,7.778000000000000000e+03
9.402000000000000455e+02,8.764000000000000000e+03
9.410099999999999909e+02,7.860000000000000000e+03
9.418099999999999454e+02,8.899000000000000000e+03
9.426200000000000045e+02,8.066000000000000000e+03
9.434199999999999591e+02,9.197000000000000000e+03
9.442200000000000273e+02,8.164000000000000000e+03
9.450299999999999727e+02,9.273000000000000000e+03
9.458300000000000409e+02,8.389000000000000000e+03
9.466299999999999955e+02,9.468000000000000000e+03
9.474400000000000546e+02,8.536000000000000000e+03
9.482400000000000091e+02,9.666000000000000000e+03
9.490499999999999545e+02,8.734000000000000000e+03
9.498500000000000227e+02,9.862000000000000000e+03
9.506499999999999773e+02,8.828000000000000000e+03
9.514600000000000364e+02,9.997000000000000000e+03
9.522599999999999909e+02,9.054000000000000000e+03
9.530599999999999454e+02,1.016100000000000000e+04
9.538700000000000045e+02,9.144000000000000000e+03
9.546699999999999591e+02,1.036600000000000000e+04
9.554800000000000182e+02,9.290000000000000000e+03
9.562799999999999727e+02,1.050400000000000000e+04
9.570800000000000409e+02,9.317000000000000000e+03
9.578899999999999864e+02,1.077300000000000000e+04
9.586900000000000546e+02,9.609000000000000000e+03
9.594900000000000091e+02,1.092000000000000000e+04
9.602999999999999545e+02,9.770000000000000000e+03
9.611000000000000227e+02,1.101700000000000000e+04
9.618999999999999773e+02,9.922000000000000000e+03
9.627100000000000364e+02,1.129700000000000000e+04
9.635099999999999909e+02,1.004100000000000000e+04
9.643200000000000500e+02,1.131300000000000000e+04
9.651200000000000045e+02,1.014800000000000000e+04
9.659199999999999591e+02,1.149200000000000000e+04
9.667300000000000182e+02,1.027000000000000000e+04
9.675299999999999727e+02,1.170400000000000000e+04
9.683300000000000409e+02,1.048900000000000000e+04
9.691399999999999864e+02,1.174100000000000000e+04
9.699400000000000546e+02,1.058700000000000000e+04
9.707400000000000091e+02,1.192900000000000000e+04
9.715499999999999545e+02,1.066300000000000000e+04
9.723500000000000227e+02,1.203400000000000000e+04
9.731599999999999682e+02,1.074100000000000000e+04
9.739600000000000364e+02,1.224800000000000000e+04
9.747599999999999909e+02,1.088800000000000000e+04
9.755700000000000500e+02,1.224300000000000000e+04
9.763700000000000045e+02,1.100600000000000000e+04
9.771699999999999591e+02,1.242500000000000000e+04
9.779800000000000182e+02,1.115700000000000000e+04
9.787799999999999727e+02,1.254900000000000000e+04
9.795800000000000409e+02,1.122500000000000000e+04
9.803899999999999864e+02,1.269900000000000000e+04
9.811900000000000546e+02,1.134500000000000000e+04
9.820000000000000000e+02,1.279700000000000000e+04
9.827999999999999545e+02,1.139400000000000000e+04
9.836000000000000227e+02,1.283600000000000000e+04
9.844099999999999682e+02,1.152700000000000000e+04
9.852100000000000364e+02,1.301500000000000000e+04
9.860099999999999909e+02,1.162400000000000000e+04
9.868200000000000500e+02,1.300100000000000000e+04
9.876200000000000045e+02,1.166200000000000000e+04
9.884199999999999591e+02,1.314700000000000000e+04
9.892300000000000182e+02,1.172200000000000000e+04
9.900299999999999727e+02,1.317300000000000000e+04
9.908300000000000409e+02,1.171800000000000000e+04
9.916399999999999864e+02,1.344100000000000000e+04
9.924400000000000546e+02,1.183800000000000000e+04
9.932400000000000091e+02,1.345700000000000000e+04
9.940499999999999545e+02,1.198500000000000000e+04
9.948500000000000227e+02,1.347600000000000000e+04
9.956599999999999682e+02,1.204900000000000000e+04
9.964600000000000364e+02,1.356100000000000000e+04
9.972599999999999909e+02,1.212500000000000000e+04
9.980700000000000500e+02,1.367400000000000000e+04
9.988700000000000045e+02,1.217200000000000000e+04
9.996699999999999591e+02,1.368000000000000000e+04
1.000480000000000018e+03,1.225000000000000000e+04
1.001279999999999973e+03,1.379300000000000000e+04
1.002080000000000041e+03,1.233000000000000000e+04
1.002889999999999986e+03,1.392500000000000000e+04
1.003690000000000055e+03,1.242800000000000000e+04
1.004490000000000009e+03,1.398200000000000000e+04
1.005299999999999955e+03,1.244600000000000000e+04
1.006100000000000023e+03,1.404500000000000000e+04
1.006899999999999977e+03,1.250500000000000000e+04
1.007710000000000036e+03,1.420200000000000000e+04
1.008509999999999991e+03,1.262100000000000000e+04
1.009309999999999945e+03,1.413000000000000000e+04
1.010120000000000005e+03,1.263800000000000000e+04
1.010919999999999959e+03,1.435300000000000000e+04
1.011720000000000027e+03,1.292100000000000000e+04
1.012529999999999973e+03,1.450600000000000000e+04
1.013330000000000041e+03,1.281000000000000000e+04
1.014129999999999995e+03,1.439600000000000000e+04
1.014940000000000055e+03,1.293400000000000000e+04
1.015740000000000009e+03,1.454200000000000000e+04
1.016539999999999964e+03,1.298000000000000000e+04
1.017350000000000023e+03,1.465400000000000000e+04
1.018149999999999977e+03,1.301300000000000000e+04
1.018950000000000045e+03,1.469900000000000000e+04
1.019759999999999991e+03,1.306600000000000000e+04
1.020559999999999945e+03,1.476300000000000000e+04
1.021360000000000014e+03,1.329000000000000000e+04
1.022169999999999959e+03,1.486400000000000000e+04
1.022970000000000027e+03,1.326600000000000000e+04
1.023769999999999982e+03,1.495100000000000000e+04
1.024579999999999927e+03,1.333400000000000000e+04
1.025380000000000109e+03,1.507400000000000000e+04
1.026180000000000064e+03,1.346700000000000000e+04
1.026990000000000009e+03,1.519100000000000000e+04
1.027789999999999964e+03,1.351400000000000000e+04
1.028589999999999918e+03,1.521700000000000000e+04
1.029400000000000091e+03,1.357100000000000000e+04
1.030200000000000045e+03,1.529600000000000000e+04
1.031000000000000000e+03,1.364000000000000000e+04
1.031809999999999945e+03,1.535400000000000000e+04
1.032609999999999900e+03,1.373200000000000000e+04
1.033410000000000082e+03,1.543600000000000000e+04
1.034220000000000027e+03,1.374900000000000000e+04
1.035019999999999982e+03,1.544900000000000000e+04
1.035819999999999936e+03,1.381100000000000000e+04
1.036630000000000109e+03,1.568000000000000000e+04
1.037430000000000064e+03,1.379100000000000000e+04
1.038230000000000018e+03,1.565400000000000000e+04
1.039039999999999964e+03,1.398500000000000000e+04
1.039839999999999918e+03,1.586800000000000000e+04
1.040640000000000100e+03,1.416700000000000000e+04
1.041450000000000045e+03,1.591000000000000000e+04
1.042250000000000000e+03,1.416400000000000000e+04
1.043049999999999955e+03,1.614200000000000000e+04
1.043849999999999909e+03,1.441500000000000000e+04
1.044660000000000082e+03,1.607300000000000000e+04
1.045460000000000036e+03,1.443200000000000000e+04
1.046259999999999991e+03,1.630000000000000000e+04
1.047069999999999936e+03,1.454300000000000000e+04
1.047869999999999891e+03,1.641700000000000000e+04
1.048670000000000073e+03,1.461200000000000000e+04
1.049480000000000018e+03,1.652100000000000000e+04
1.050279999999999973e+03,1.481100000000000000e+04
1.051079999999999927e+03,1.661400000000000000e+04
1.051890000000000100e+03,1.489800000000000000e+04
1.052690000000000055e+03,1.680300000000000000e+04
1.053490000000000009e+03,1.488300000000000000e+04
1.054299999999999955e+03,1.693800000000000000e+04
1.055099999999999909e+03,1.506500000000000000e+04
1.055900000000000091e+03,1.700700000000000000e+04
1.056700000000000045e+03,1.512900000000000000e+04
1.057509999999999991e+03,1.700500000000000000e+04
1.058309999999999945e+03,1.524100000000000000e+04
1.059109999999999900e+03,1.724400000000000000e+04
1.059920000000000073e+03,1.522300000000000000e+04
1.060720000000000027e+03,1.741300000000000000e+04
1.061519999999999982e+03,1.542000000000000000e+04
1.062329999999999927e+03,1.742300000000000000e+04
1.063130000000000109e+03,1.547600000000000000e+04
1.063930000000000064e+03,1.750300000000000000e+04
1.064730000000000018e+03,1.555500000000000000e+04
1.065539999999999964e+03,1.769000000000000000e+04
1.066339999999999918e+03,1.563200000000000000e+04
1.067140000000000100e+03,1.772100000000000000e+04
1.067950000000000045e+03,1.575000000000000000e+04
1.068750000000000000e+03,1.780600000000000000e+04
1.069549999999999955e+03,1.585500000000000000e+04
1.070359999999999900e+03,1.790400000000000000e+04
1.071160000000000082e+03,1.585100000000000000e+04
1.071960000000000036e+03,1.803100000000000000e+04
1.072759999999999991e+03,1.604000000000000000e+04
1.073569999999999936e+03,1.793200000000000000e+04
1.074369999999999891e+03,1.606800000000000000e+04
1.075170000000000073e+03,1.825300000000000000e+04
1.075980000000000018e+03,1.618800000000000000e+04
1.076779999999999973e+03,1.836100000000000000e+04
1.077579999999999927e+03,1.625700000000000000e+04
1.078380000000000109e+03,1.843300000000000000e+04
1.079190000000000055e+03,1.630700000000000000e+04
1.079990000000000009e+03,1.850900000000000000e+04
1.080789999999999964e+03,1.642600000000000000e+04
1.081599999999999909e+03,1.862100000000000000e+04
1.082400000000000091e+03,1.655900000000000000e+04
1.083200000000000045e+03,1.868500000000000000e+04
1.084000000000000000e+03,1.655100000000000000e+04
1.084809999999999945e+03,1.886800000000000000e+04
1.085609999999999900e+03,1.672200000000000000e+04
1.086410000000000082e+03,1.892900000000000000e+04
1.087220000000000027e+03,1.680500000000000000e+04
1.088019999999999982e+03,1.912600000000000000e+04
1.088819999999999936e+03,1.697200000000000000e+04
1.089619999999999891e+03,1.911700000000000000e+04
1.090430000000000064e+03,1.699000000000000000e+04
1.091230000000000018e+03,1.931200000000000000e+04
1.092029999999999973e+03,1.710300000000000000e+04
1.092839999999999918e+03,1.934400000000000000e+04
1.093640000000000100e+03,1.717000000000000000e+04
1.094440000000000055e+03,1.954000000000000000e+04
1.095240000000000009e+03,1.720100000000000000e+04
1.096049999999999955e+03,1.949200000000000000e+04
1.096849999999999909e+03,1.732300000000000000e+04
1.097650000000000091e+03,1.966100000000000000e+04
1.098450000000000045e+03,1.728300000000000000e+04
1.099259999999999991e+03,1.959400000000000000e+04
1.100059999999999945e+03,1.746300000000000000e+04
1.100859999999999900e+03,1.971400000000000000e+04
1.101670000000000073e+03,1.753700000000000000e+04
1.102470000000000027e+03,1.977400000000000000e+04
1.103269999999999982e+03,1.756300000000000000e+04
1.104069999999999936e+03,1.992000000000000000e+04
1.104880000000000109e+03,1.752700000000000000e+04
1.105680000000000064e+03,1.985700000000000000e+04
1.106480000000000018e+03,1.756200000000000000e+04
1.107279999999999973e+03,2.005900000000000000e+04
1.108089999999999918e+03,1.759200000000000000e+04
1.108890000000000100e+03,1.995400000000000000e+04
1.109690000000000055e+03,1.768600000000000000e+04
1.110490000000000009e+03,2.011600000000000000e+04
1.111299999999999955e+03,1.776300000000000000e+04
1.112099999999999909e+03,2.008200000000000000e+04
1.112900000000000091e+03,1.770900000000000000e+04
1.113700000000000045e+03,2.015900000000000000e+04
1.114509999999999991e+03,1.767400000000000000e+04
1.115309999999999945e+03,2.014800000000000000e+04
1.116109999999999900e+03,1.783000000000000000e+04
1.116920000000000073e+03,2.022300000000000000e+04
1.117720000000000027e+03,1.785900000000000000e+04
1.118519999999999982e+03,2.025200000000000000e+04
1.119319999999999936e+03,1.778400000000000000e+04
1.120130000000000109e+03,2.025400000000000000e+04
1.120930000000000064e+03,1.784300000000000000e+04
1.121730000000000018e+03,2.016700000000000000e+04
1.122529999999999973e+03,1.774900000000000000e+04
1.123339999999999918e+03,2.025500000000000000e+04
1.124140000000000100e+03,1.782200000000000000e+04
1.124940000000000055e+03,2.017500000000000000e+04
1.125740000000000009e+03,1.779900000000000000e+04
1.126549999999999955e+03,2.023900000000000000e+04
1.127349999999999909e+03,1.784700000000000000e+04
1.128150000000000091e+03,2.011500000000000000e+04
1.128950000000000045e+03,1.778000000000000000e+04
1.129750000000000000e+03,2.026300000000000000e+04
1.130559999999999945e+03,1.780700000000000000e+04
1.131359999999999900e+03,2.019300000000000000e+04
1.132160000000000082e+03,1.785500000000000000e+04
1.132960000000000036e+03,2.020900000000000000e+04
1.133769999999999982e+03,1.767500000000000000e+04
1.134569999999999936e+03,2.015900000000000000e+04
1.135369999999999891e+03,1.775700000000000000e+04
1.136170000000000073e+03,2.023500000000000000e+04
1.136980000000000018e+03,1.767900000000000000e+04
1.137779999999999973e+03,2.015200000000000000e+04
1.138579999999999927e+03,1.778200000000000000e+04
1.139380000000000109e+03,2.011200000000000000e+04
1.140190000000000055e+03,1.769600000000000000e+04
1.140990000000000009e+03,1.995800000000000000e+04
1.141789999999999964e+03,1.766500000000000000e+04
1.142589999999999918e+03,2.022400000000000000e+04
1.143390000000000100e+03,1.771700000000000000e+04
1.144200000000000045e+03,2.003200000000000000e+04
1.145000000000000000e+03,1.762000000000000000e+04
1.145799999999999955e+03,2.008800000000000000e+04
1.146599999999999909e+03,1.755800000000000000e+04
1.147410000000000082e+03,1.994700000000000000e+04
1.148210000000000036e+03,1.754700000000000000e+04
1.149009999999999991e+03,1.999200000000000000e+04
1.149809999999999945e+03,1.748900000000000000e+04
1.150619999999999891e+03,1.971600000000000000e+04
1.151420000000000073e+03,1.751200000000000000e+04
1.152220000000000027e+03,1.994200000000000000e+04
1.153019999999999982e+03,1.742200000000000000e+04
1.153819999999999936e+03,1.980200000000000000e+04
1.154630000000000109e+03,1.731900000000000000e+04
1.155430000000000064e+03,1.980900000000000000e+04
1.156230000000000018e+03,1.735200000000000000e+04
1.157029999999999973e+03,1.977100000000000000e+04
1.157829999999999927e+03,1.727000000000000000e+04
1.158640000000000100e+03,1.973400000000000000e+04
1.159440000000000055e+03,1.730100000000000000e+04
1.160240000000000009e+03,1.964400000000000000e+04
1.161039999999999964e+03,1.725600000000000000e+04
1.161849999999999909e+03,1.974700000000000000e+04
1.162650000000000091e+03,1.711800000000000000e+04
1.163450000000000045e+03,1.952200000000000000e+04
1.164250000000000000e+03,1.721300000000000000e+04
1.165049999999999955e+03,1.953200000000000000e+04
1.165859999999999900e+03,1.714900000000000000e+04
1.166660000000000082e+03,1.957300000000000000e+04
1.167460000000000036e+03,1.706500000000000000e+04
1.168259999999999991e+03,1.958900000000000000e+04
1.169059999999999945e+03,1.716300000000000000e+04
1.169869999999999891e+03,1.948100000000000000e+04
1.170670000000000073e+03,1.715600000000000000e+04
1.171470000000000027e+03,1.945600000000000000e+04
1.172269999999999982e+03,1.713200000000000000e+04
1.173069999999999936e+03,1.941200000000000000e+04
1.173880000000000109e+03,1.709100000000000000e+04
1.174680000000000064e+03,1.945100000000000000e+04
1.175480000000000018e+03,1.709800000000000000e+04
1.176279999999999973e+03,1.933800000000000000e+04
1.177079999999999927e+03,1.695500000000000000e+04
1.177890000000000100e+03,1.947600000000000000e+04
1.178690000000000055e+03,1.697700000000000000e+04
1.179490000000000009e+03,1.931900000000000000e+04
1.180289999999999964e+03,1.697500000000000000e+04
1.181089999999999918e+03,1.946000000000000000e+04
1.181890000000000100e+03,1.693100000000000000e+04
1.182700000000000045e+03,1.940800000000000000e+04
1.183500000000000000e+03,1.691200000000000000e+04
1.184299999999999955e+03,1.936200000000000000e+04
1.185099999999999909e+03,1.694500000000000000e+04
1.185900000000000091e+03,1.930400000000000000e+04
1.186710000000000036e+03,1.704000000000000000e+04
1.187509999999999991e+03,1.944700000000000000e+04
1.188309999999999945e+03,1.692000000000000000e+04
1.189109999999999900e+03,1.938400000000000000e+04
1.189910000000000082e+03,1.695000000000000000e+04
1.190710000000000036e+03,1.955900000000000000e+04
1.191519999999999982e+03,1.703700000000000000e+04
1.192319999999999936e+03,1.937600000000000000e+04
1.193119999999999891e+03,1.707400000000000000e+04
1.193920000000000073e+03,1.955400000000000000e+04
1.194720000000000027e+03,1.705000000000000000e+04
1.195529999999999973e+03,1.946800000000000000e+04
1.196329999999999927e+03,1.711900000000000000e+04
1.197130000000000109e+03,1.961600000000000000e+04
1.197930000000000064e+03,1.702200000000000000e+04
1.198730000000000018e+03,1.961400000000000000e+04
1.199529999999999973e+03,1.703200000000000000e+04
1.200339999999999918e+03,1.952400000000000000e+04
1.201140000000000100e+03,1.716200000000000000e+04
1.201940000000000055e+03,1.950000000000000000e+04
1.202740000000000009e+03,1.704700000000000000e+04
1.203539999999999964e+03,1.948300000000000000e+04
1.204339999999999918e+03,1.701600000000000000e+04
1.205150000000000091e+03,1.952700000000000000e+04
1.205950000000000045e+03,1.705700000000000000e+04
1.206750000000000000e+03,1.951600000000000000e+04
1.207549999999999955e+03,1.707300000000000000e+04
1.208349999999999909e+03,1.952200000000000000e+04
1.209150000000000091e+03,1.709600000000000000e+04
1.209950000000000045e+03,1.941900000000000000e+04
1.210759999999999991e+03,1.695200000000000000e+04
1.211559999999999945e+03,1.944200000000000000e+04
1.212359999999999900e+03,1.692900000000000000e+04
1.213160000000000082e+03,1.939700000000000000e+04
1.213960000000000036e+03,1.697900000000000000e+04
1.214759999999999991e+03,1.940600000000000000e+04
1.215569999999999936e+03,1.699300000000000000e+04
1.216369999999999891e+03,1.946500000000000000e+04
1.217170000000000073e+03,1.695900000000000000e+04
1.217970000000000027e+03,1.936500000000000000e+04
1.218769999999999982e+03,1.681200000000000000e+04
1.219569999999999936e+03,1.935200000000000000e+04
1.220369999999999891e+03,1.693200000000000000e+04
1.221180000000000064e+03,1.933900000000000000e+04
1.221980000000000018e+03,1.690800000000000000e+04
1.222779999999999973e+03,1.945400000000000000e+04
1.223579999999999927e+03,1.684100000000000000e+04
1.224380000000000109e+03,1.932900000000000000e+04
1.225180000000000064e+03,1.689800000000000000e+04
1.225980000000000018e+03,1.948700000000000000e+04
1.226789999999999964e+03,1.686200000000000000e+04
1.227589999999999918e+03,1.937200000000000000e+04
1.228390000000000100e+03,1.682300000000000000e+04
1.229190000000000055e+03,1.936200000000000000e+04
1.229990000000000009e+03,1.687500000000000000e+04
1.230789999999999964e+03,1.931200000000000000e+04
1.231589999999999918e+03,1.692600000000000000e+04
1.232390000000000100e+03,1.936500000000000000e+04
1.233200000000000045e+03,1.683600000000000000e+04
1.234000000000000000e+03,1.931000000000000000e+04
1.234799999999999955e+03,1.694500000000000000e+04
1.235599999999999909e+03,1.938100000000000000e+04
1.236400000000000091e+03,1.684600000000000000e+04
1.237200000000000045e+03,1.938100000000000000e+04
1.238000000000000000e+03,1.698900000000000000e+04
1.238799999999999955e+03,1.937000000000000000e+04
1.239609999999999900e+03,1.689700000000000000e+04
1.240410000000000082e+03,1.931900000000000000e+04
1.241210000000000036e+03,1.682600000000000000e+04
1.242009999999999991e+03,1.944400000000000000e+04
1.242809999999999945e+03,1.692100000000000000e+04
1.243609999999999900e+03,1.932300000000000000e+04
1.244410000000000082e+03,1.691100000000000000e+04
1.245210000000000036e+03,1.938700000000000000e+04
1.246009999999999991e+03,1.685300000000000000e+04
1.246819999999999936e+03,1.927300000000000000e+04
1.247619999999999891e+03,1.694200000000000000e+04
1.248420000000000073e+03,1.954000000000000000e+04
1.249220000000000027e+03,1.685100000000000000e+04
1.250019999999999982e+03,1.931700000000000000e+04
1.250819999999999936e+03,1.690200000000000000e+04
1.251619999999999891e+03,1.946100000000000000e+04
1.252420000000000073e+03,1.685500000000000000e+04
1.253220000000000027e+03,1.934000000000000000e+04
1.254029999999999973e+03,1.691900000000000000e+04
1.254829999999999927e+03,1.942000000000000000e+04
1.255630000000000109e+03,1.694700000000000000e+04
1.256430000000000064e+03,1.931400000000000000e+04
1.257230000000000018e+03,1.688900000000000000e+04
1.258029999999999973e+03,1.943700000000000000e+04
1.258829999999999927e+03,1.692700000000000000e+04
1.259630000000000109e+03,1.940000000000000000e+04
1.260430000000000064e+03,1.692600000000000000e+04
1.261230000000000018e+03,1.950900000000000000e+04
1.262029999999999973e+03,1.690700000000000000e+04
1.262839999999999918e+03,1.938200000000000000e+04
1.263640000000000100e+03,1.694600000000000000e+04
1.264440000000000055e+03,1.937600000000000000e+04
1.265240000000000009e+03,1.690600000000000000e+04
1.266039999999999964e+03,1.948100000000000000e+04
1.266839999999999918e+03,1.693100000000000000e+04
1.267640000000000100e+03,1.943900000000000000e+04
1.268440000000000055e+03,1.691600000000000000e+04
1.269240000000000009e+03,1.944200000000000000e+04
1.270039999999999964e+03,1.699900000000000000e+04
1.270839999999999918e+03,1.949100000000000000e+04
1.271640000000000100e+03,1.695900000000000000e+04
1.272450000000000045e+03,1.950500000000000000e+04
1.273250000000000000e+03,1.697500000000000000e+04
1.274049999999999955e+03,1.946800000000000000e+04
1.274849999999999909e+03,1.696800000000000000e+04
1.275650000000000091e+03,1.936600000000000000e+04
1.276450000000000045e+03,1.698400000000000000e+04
1.277250000000000000e+03,1.963900000000000000e+04
1.278049999999999955e+03,1.693600000000000000e+04
1.278849999999999909e+03,1.944200000000000000e+04
1.279650000000000091e+03,1.705400000000000000e+04
1.280450000000000045e+03,1.952000000000000000e+04
1.281250000000000000e+03,1.693700000000000000e+04
1.282049999999999955e+03,1.951700000000000000e+04
1.282849999999999909e+03,1.693800000000000000e+04
1.283660000000000082e+03,1.957800000000000000e+04
1.284460000000000036e+03,1.697200000000000000e+04
1.285259999999999991e+03,1.946100000000000000e+04
1.286059999999999945e+03,1.703000000000000000e+04
1.286859999999999900e+03,1.965600000000000000e+04
1.287660000000000082e+03,1.698300000000000000e+04
1.288460000000000036e+03,1.954900000000000000e+04
1.289259999999999991e+03,1.703800000000000000e+04
1.290059999999999945e+03,1.956900000000000000e+04
1.290859999999999900e+03,1.701000000000000000e+04
1.291660000000000082e+03,1.951400000000000000e+04
1.292460000000000036e+03,1.706300000000000000e+04
1.293259999999999991e+03,1.956500000000000000e+04
1.294059999999999945e+03,1.699600000000000000e+04
1.294859999999999900e+03,1.952500000000000000e+04
1.295660000000000082e+03,1.714200000000000000e+04
1.296460000000000036e+03,1.957100000000000000e+04
1.297259999999999991e+03,1.706400000000000000e+04
1.298059999999999945e+03,1.946300000000000000e+04
1.298859999999999900e+03,1.709800000000000000e+04
1.299660000000000082e+03,1.954200000000000000e+04
1.300470000000000027e+03,1.703600000000000000e+04
1.301269999999999982e+03,1.944500000000000000e+04
1.302069999999999936e+03,1.700100000000000000e+04
1.302869999999999891e+03,1.952400000000000000e+04
1.303670000000000073e+03,1.698600000000000000e+04
1.304470000000000027e+03,1.928700000000000000e+04
1.305269999999999982e+03,1.705900000000000000e+04
