1.045509999999999991e+03,1.868500000000000000e+04
1.046309999999999945e+03,1.683700000000000000e+04
1.047119999999999891e+03,1.874600000000000000e+04
1.047920000000000073e+03,1.698600000000000000e+04
1.048720000000000027e+03,1.895200000000000000e+04
1.049519999999999982e+03,1.724500000000000000e+04
1.050329999999999927e+03,1.908400000000000000e+04
1.051130000000000109e+03,1.737500000000000000e+04
1.051930000000000064e+03,1.923400000000000000e+04
1.052730000000000018e+03,1.749400000000000000e+04
1.053529999999999973e+03,1.940700000000000000e+04
1.054339999999999918e+03,1.776200000000000000e+04
1.055140000000000100e+03,1.969100000000000000e+04
1.055940000000000055e+03,1.778900000000000000e+04
1.056740000000000009e+03,1.973800000000000000e+04
1.057549999999999955e+03,1.801400000000000000e+04
1.058349999999999909e+03,1.990700000000000000e+04
1.059150000000000091e+03,1.816300000000000000e+04
1.059950000000000045e+03,1.998700000000000000e+04
1.060750000000000000e+03,1.816800000000000000e+04
1.061559999999999945e+03,2.024300000000000000e+04
1.062359999999999900e+03,1.838200000000000000e+04
1.063160000000000082e+03,2.038300000000000000e+04
1.063960000000000036e+03,1.853200000000000000e+04
1.064759999999999991e+03,2.047700000000000000e+04
1.065569999999999936e+03,1.862500000000000000e+04
1.066369999999999891e+03,2.065300000000000000e+04
1.067170000000000073e+03,1.871100000000000000e+04
1.067970000000000027e+03,2.083200000000000000e+04
1.068769999999999982e+03,1.883800000000000000e+04
1.069579999999999927e+03,2.088500000000000000e+04
1.070380000000000109e+03,1.900200000000000000e+04
1.071180000000000064e+03,2.106100000000000000e+04
1.071980000000000018e+03,1.906800000000000000e+04
1.072789999999999964e+03,2.114100000000000000e+04
1.073589999999999918e+03,1.921600000000000000e+04
1.074390000000000100e+03,2.135600000000000000e+04
1.075190000000000055e+03,1.936200000000000000e+04
1.075990000000000009e+03,2.144400000000000000e+04
1.076799999999999955e+03,1.939300000000000000e+04
1.077599999999999909e+03,2.169600000000000000e+04
1.078400000000000091e+03,1.954700000000000000e+04
1.079200000000000045e+03,2.171700000000000000e+04
1.080000000000000000e+03,1.964200000000000000e+04
1.080809999999999945e+03,2.191700000000000000e+04
1.081609999999999900e+03,1.984300000000000000e+04
1.082410000000000082e+03,2.199000000000000000e+04
1.083210000000000036e+03,1.990100000000000000e+04
1.084009999999999991e+03,2.209900000000000000e+04
1.084819999999999936e+03,2.006200000000000000e+04
1.085619999999999891e+03,2.215300000000000000e+04
1.086420000000000073e+03,2.013800000000000000e+04
1.087220000000000027e+03,2.246200000000000000e+04
1.088019999999999982e+03,2.032000000000000000e+04
1.088829999999999927e+03,2.252500000000000000e+04
1.089630000000000109e+03,2.037100000000000000e+04
1.090430000000000064e+03,2.264800000000000000e+04
1.091230000000000018e+03,2.040900000000000000e+04
1.092029999999999973e+03,2.267300000000000000e+04
1.092839999999999918e+03,2.048200000000000000e+04
1.093640000000000100e+03,2.293700000000000000e+04
1.094440000000000055e+03,2.060600000000000000e+04
1.095240000000000009e+03,2.291200000000000000e+04
1.096039999999999964e+03,2.078600000000000000e+04
1.096849999999999909e+03,2.310400000000000000e+04
1.097650000000000091e+03,2.080400000000000000e+04
1.098450000000000045e+03,2.306400000000000000e+04
1.099250000000000000e+03,2.082600000000000000e+04
1.100049999999999955e+03,2.322000000000000000e+04
1.100859999999999900e+03,2.086800000000000000e+04
1.101660000000000082e+03,2.309000000000000000e+04
1.102460000000000036e+03,2.092600000000000000e+04
1.103259999999999991e+03,2.314900000000000000e+04
1.104059999999999945e+03,2.107500000000000000e+04
1.104869999999999891e+03,2.336600000000000000e+04
1.105670000000000073e+03,2.110900000000000000e+04
1.106470000000000027e+03,2.342300000000000000e+04
1.107269999999999982e+03,2.103700000000000000e+04
1.108069999999999936e+03,2.345200000000000000e+04
1.108869999999999891e+03,2.108900000000000000e+04
1.109680000000000064e+03,2.351200000000000000e+04
1.110480000000000018e+03,2.116400000000000000e+04
1.111279999999999973e+03,2.358800000000000000e+04
1.112079999999999927e+03,2.120200000000000000e+04
1.112880000000000109e+03,2.367400000000000000e+04
1.113690000000000055e+03,2.123300000000000000e+04
1.114490000000000009e+03,2.344400000000000000e+04
1.115289999999999964e+03,2.112500000000000000e+04
1.116089999999999918e+03,2.362900000000000000e+04
1.116890000000000100e+03,2.112200000000000000e+04
1.117700000000000045e+03,2.359900000000000000e+04
1.118500000000000000e+03,2.117700000000000000e+04
1.119299999999999955e+03,2.367700000000000000e+04
1.120099999999999909e+03,2.117100000000000000e+04
1.120900000000000091e+03,2.371300000000000000e+04
1.121700000000000045e+03,2.117900000000000000e+04
1.122509999999999991e+03,2.359500000000000000e+04
1.123309999999999945e+03,2.109400000000000000e+04
1.124109999999999900e+03,2.365000000000000000e+04
1.124910000000000082e+03,2.119800000000000000e+04
1.125710000000000036e+03,2.365200000000000000e+04
1.126519999999999982e+03,2.113600000000000000e+04
1.127319999999999936e+03,2.362000000000000000e+04
1.128119999999999891e+03,2.127500000000000000e+04
1.128920000000000073e+03,2.361600000000000000e+04
1.129720000000000027e+03,2.128800000000000000e+04
1.130519999999999982e+03,2.359400000000000000e+04
1.131329999999999927e+03,2.117300000000000000e+04
1.132130000000000109e+03,2.371500000000000000e+04
1.132930000000000064e+03,2.118500000000000000e+04
1.133730000000000018e+03,2.354100000000000000e+04
1.134529999999999973e+03,2.126100000000000000e+04
1.135329999999999927e+03,2.370500000000000000e+04
1.136140000000000100e+03,2.123400000000000000e+04
1.136940000000000055e+03,2.357300000000000000e+04
1.137740000000000009e+03,2.120100000000000000e+04
1.138539999999999964e+03,2.367400000000000000e+04
1.139339999999999918e+03,2.109300000000000000e+04
1.140140000000000100e+03,2.359400000000000000e+04
1.140950000000000045e+03,2.117200000000000000e+04
1.141750000000000000e+03,2.365400000000000000e+04
1.142549999999999955e+03,2.113000000000000000e+04
1.143349999999999909e+03,2.365300000000000000e+04
1.144150000000000091e+03,2.117400000000000000e+04
1.144950000000000045e+03,2.360600000000000000e+04
1.145759999999999991e+03,2.103300000000000000e+04
1.146559999999999945e+03,2.368700000000000000e+04
1.147359999999999900e+03,2.106400000000000000e+04
1.148160000000000082e+03,2.360800000000000000e+04
1.148960000000000036e+03,2.099600000000000000e+04
1.149759999999999991e+03,2.362500000000000000e+04
1.150569999999999936e+03,2.093900000000000000e+04
1.151369999999999891e+03,2.365700000000000000e+04
1.152170000000000073e+03,2.105500000000000000e+04
1.152970000000000027e+03,2.354300000000000000e+04
1.153769999999999982e+03,2.109400000000000000e+04
1.154569999999999936e+03,2.359000000000000000e+04
1.155380000000000109e+03,2.096400000000000000e+04
1.156180000000000064e+03,2.354100000000000000e+04
1.156980000000000018e+03,2.103600000000000000e+04
1.157779999999999973e+03,2.350100000000000000e+04
1.158579999999999927e+03,2.100700000000000000e+04
1.159380000000000109e+03,2.347200000000000000e+04
1.160190000000000055e+03,2.093800000000000000e+04
1.160990000000000009e+03,2.353900000000000000e+04
1.161789999999999964e+03,2.094900000000000000e+04
1.162589999999999918e+03,2.347300000000000000e+04
1.163390000000000100e+03,2.097100000000000000e+04
1.164190000000000055e+03,2.344900000000000000e+04
1.164990000000000009e+03,2.100400000000000000e+04
1.165799999999999955e+03,2.350400000000000000e+04
1.166599999999999909e+03,2.087600000000000000e+04
1.167400000000000091e+03,2.350900000000000000e+04
1.168200000000000045e+03,2.091000000000000000e+04
1.169000000000000000e+03,2.353700000000000000e+04
1.169799999999999955e+03,2.087800000000000000e+04
1.170609999999999900e+03,2.328000000000000000e+04
1.171410000000000082e+03,2.095900000000000000e+04
1.172210000000000036e+03,2.330100000000000000e+04
1.173009999999999991e+03,2.091700000000000000e+04
1.173809999999999945e+03,2.338900000000000000e+04
1.174609999999999900e+03,2.083200000000000000e+04
1.175410000000000082e+03,2.346100000000000000e+04
1.176220000000000027e+03,2.071000000000000000e+04
1.177019999999999982e+03,2.358100000000000000e+04
1.177819999999999936e+03,2.096400000000000000e+04
1.178619999999999891e+03,2.339900000000000000e+04
1.179420000000000073e+03,2.082700000000000000e+04
1.180220000000000027e+03,2.345800000000000000e+04
1.181019999999999982e+03,2.094100000000000000e+04
1.181829999999999927e+03,2.346000000000000000e+04
1.182630000000000109e+03,2.094500000000000000e+04
1.183430000000000064e+03,2.347300000000000000e+04
1.184230000000000018e+03,2.088000000000000000e+04
1.185029999999999973e+03,2.339800000000000000e+04
1.185829999999999927e+03,2.092800000000000000e+04
1.186630000000000109e+03,2.352900000000000000e+04
1.187440000000000055e+03,2.082700000000000000e+04
1.188240000000000009e+03,2.345500000000000000e+04
1.189039999999999964e+03,2.087500000000000000e+04
1.189839999999999918e+03,2.364800000000000000e+04
1.190640000000000100e+03,2.095600000000000000e+04
1.191440000000000055e+03,2.356900000000000000e+04
1.192240000000000009e+03,2.096200000000000000e+04
1.193039999999999964e+03,2.375000000000000000e+04
1.193849999999999909e+03,2.095800000000000000e+04
1.194650000000000091e+03,2.369900000000000000e+04
1.195450000000000045e+03,2.102900000000000000e+04
1.196250000000000000e+03,2.375900000000000000e+04
1.197049999999999955e+03,2.103500000000000000e+04
1.197849999999999909e+03,2.375000000000000000e+04
1.198650000000000091e+03,2.117700000000000000e+04
1.199450000000000045e+03,2.389300000000000000e+04
1.200259999999999991e+03,2.122600000000000000e+04
1.201059999999999945e+03,2.374400000000000000e+04
1.201859999999999900e+03,2.115000000000000000e+04
1.202660000000000082e+03,2.392700000000000000e+04
1.203460000000000036e+03,2.123100000000000000e+04
1.204259999999999991e+03,2.398900000000000000e+04
1.205059999999999945e+03,2.127600000000000000e+04
1.205859999999999900e+03,2.399900000000000000e+04
1.206670000000000073e+03,2.118200000000000000e+04
1.207470000000000027e+03,2.398300000000000000e+04
1.208269999999999982e+03,2.132900000000000000e+04
1.209069999999999936e+03,2.408000000000000000e+04
1.209869999999999891e+03,2.113200000000000000e+04
1.210670000000000073e+03,2.390000000000000000e+04
1.211470000000000027e+03,2.118000000000000000e+04
1.212269999999999982e+03,2.408900000000000000e+04
1.213069999999999936e+03,2.124200000000000000e+04
1.213880000000000109e+03,2.402500000000000000e+04
1.214680000000000064e+03,2.114300000000000000e+04
1.215480000000000018e+03,2.403200000000000000e+04
1.216279999999999973e+03,2.115100000000000000e+04
1.217079999999999927e+03,2.396000000000000000e+04
1.217880000000000109e+03,2.117900000000000000e+04
1.218680000000000064e+03,2.395200000000000000e+04
1.219480000000000018e+03,2.112100000000000000e+04
1.220289999999999964e+03,2.394600000000000000e+04
1.221089999999999918e+03,2.110000000000000000e+04
1.221890000000000100e+03,2.395800000000000000e+04
1.222690000000000055e+03,2.123000000000000000e+04
1.223490000000000009e+03,2.381700000000000000e+04
1.224289999999999964e+03,2.118100000000000000e+04
1.225089999999999918e+03,2.399200000000000000e+04
1.225890000000000100e+03,2.114000000000000000e+04
1.226690000000000055e+03,2.404200000000000000e+04
1.227490000000000009e+03,2.122000000000000000e+04
1.228299999999999955e+03,2.386800000000000000e+04
1.229099999999999909e+03,2.120500000000000000e+04
1.229900000000000091e+03,2.399300000000000000e+04
1.230700000000000045e+03,2.116800000000000000e+04
1.231500000000000000e+03,2.401600000000000000e+04
1.232299999999999955e+03,2.119300000000000000e+04
1.233099999999999909e+03,2.386100000000000000e+04
1.233900000000000091e+03,2.115900000000000000e+04
1.234700000000000045e+03,2.409200000000000000e+04
1.235500000000000000e+03,2.119800000000000000e+04
1.236309999999999945e+03,2.402100000000000000e+04
1.237109999999999900e+03,2.123100000000000000e+04
1.237910000000000082e+03,2.411000000000000000e+04
1.238710000000000036e+03,2.126500000000000000e+04
1.239509999999999991e+03,2.401600000000000000e+04
1.240309999999999945e+03,2.121900000000000000e+04
1.241109999999999900e+03,2.408100000000000000e+04
1.241910000000000082e+03,2.129000000000000000e+04
1.242710000000000036e+03,2.412300000000000000e+04
1.243509999999999991e+03,2.122900000000000000e+04
1.244309999999999945e+03,2.415600000000000000e+04
1.245109999999999900e+03,2.120200000000000000e+04
1.245920000000000073e+03,2.410000000000000000e+04
1.246720000000000027e+03,2.119600000000000000e+04
1.247519999999999982e+03,2.420400000000000000e+04
1.248319999999999936e+03,2.117700000000000000e+04
1.249119999999999891e+03,2.411900000000000000e+04
1.249920000000000073e+03,2.129800000000000000e+04
1.250720000000000027e+03,2.413600000000000000e+04
1.251519999999999982e+03,2.126900000000000000e+04
1.252319999999999936e+03,2.414400000000000000e+04
1.253119999999999891e+03,2.132600000000000000e+04
1.253920000000000073e+03,2.417100000000000000e+04
1.254720000000000027e+03,2.122900000000000000e+04
1.255529999999999973e+03,2.419200000000000000e+04
1.256329999999999927e+03,2.130600000000000000e+04
1.257130000000000109e+03,2.426200000000000000e+04
1.257930000000000064e+03,2.135900000000000000e+04
1.258730000000000018e+03,2.426500000000000000e+04
1.259529999999999973e+03,2.131200000000000000e+04
1.260329999999999927e+03,2.433800000000000000e+04
1.261130000000000109e+03,2.128900000000000000e+04
1.261930000000000064e+03,2.427300000000000000e+04
1.262730000000000018e+03,2.136400000000000000e+04
1.263529999999999973e+03,2.434500000000000000e+04
1.264329999999999927e+03,2.121800000000000000e+04
1.265130000000000109e+03,2.423700000000000000e+04
1.265930000000000064e+03,2.128900000000000000e+04
1.266730000000000018e+03,2.431400000000000000e+04
1.267539999999999964e+03,2.143400000000000000e+04
1.268339999999999918e+03,2.437900000000000000e+04
1.269140000000000100e+03,2.127100000000000000e+04
1.269940000000000055e+03,2.433600000000000000e+04
1.270740000000000009e+03,2.142600000000000000e+04
1.271539999999999964e+03,2.435000000000000000e+04
1.272339999999999918e+03,2.131800000000000000e+04
1.273140000000000100e+03,2.439900000000000000e+04
1.273940000000000055e+03,2.132400000000000000e+04
1.274740000000000009e+03,2.424000000000000000e+04
1.275539999999999964e+03,2.135100000000000000e+04
1.276339999999999918e+03,2.451700000000000000e+04
1.277140000000000100e+03,2.129400000000000000e+04
1.277940000000000055e+03,2.427000000000000000e+04
1.278740000000000009e+03,2.116700000000000000e+04
1.279539999999999964e+03,2.437800000000000000e+04
1.280339999999999918e+03,2.131700000000000000e+04
1.281150000000000091e+03,2.428400000000000000e+04
1.281950000000000045e+03,2.128300000000000000e+04
1.282750000000000000e+03,2.435300000000000000e+04
1.283549999999999955e+03,2.122700000000000000e+04
1.284349999999999909e+03,2.425200000000000000e+04
1.285150000000000091e+03,2.123400000000000000e+04
1.285950000000000045e+03,2.440700000000000000e+04
1.286750000000000000e+03,2.125600000000000000e+04
1.287549999999999955e+03,2.427300000000000000e+04
1.288349999999999909e+03,2.123900000000000000e+04
1.289150000000000091e+03,2.426600000000000000e+04
1.289950000000000045e+03,2.119500000000000000e+04
1.290750000000000000e+03,2.411500000000000000e+04
1.291549999999999955e+03,2.119000000000000000e+04
1.292349999999999909e+03,2.435100000000000000e+04
1.293150000000000091e+03,2.112300000000000000e+04
1.293950000000000045e+03,2.411700000000000000e+04
1.294750000000000000e+03,2.111600000000000000e+04
1.295549999999999955e+03,2.418300000000000000e+04
1.296349999999999909e+03,2.108600000000000000e+04
1.297150000000000091e+03,2.396300000000000000e+04
1.297950000000000045e+03,2.103400000000000000e+04
1.298750000000000000e+03,2.405800000000000000e+04
1.299549999999999955e+03,2.097800000000000000e+04
1.300349999999999909e+03,2.380300000000000000e+04
1.301150000000000091e+03,2.104400000000000000e+04
1.301960000000000036e+03,2.401000000000000000e+04
1.302759999999999991e+03,2.093700000000000000e+04
1.303559999999999945e+03,2.385300000000000000e+04
1.304359999999999900e+03,2.079100000000000000e+04
1.305160000000000082e+03,2.391800000000000000e+04
1.305960000000000036e+03,2.081100000000000000e+04
1.306759999999999991e+03,2.390600000000000000e+04
1.307559999999999945e+03,2.072300000000000000e+04
1.308359999999999900e+03,2.378200000000000000e+04
1.309160000000000082e+03,2.084200000000000000e+04
1.309960000000000036e+03,2.374300000000000000e+04
1.310759999999999991e+03,2.076100000000000000e+04
1.311559999999999945e+03,2.378900000000000000e+04
1.312359999999999900e+03,2.072700000000000000e+04
1.313160000000000082e+03,2.362300000000000000e+04
1.313960000000000036e+03,2.070100000000000000e+04
1.314759999999999991e+03,2.373400000000000000e+04
1.315559999999999945e+03,2.059300000000000000e+04
1.316359999999999900e+03,2.366300000000000000e+04
1.317160000000000082e+03,2.051000000000000000e+04
1.317960000000000036e+03,2.367500000000000000e+04
1.318759999999999991e+03,2.062100000000000000e+04
1.319559999999999945e+03,2.356400000000000000e+04
1.320359999999999900e+03,2.045500000000000000e+04
1.321160000000000082e+03,2.349300000000000000e+04
1.321960000000000036e+03,2.049700000000000000e+04
1.322759999999999991e+03,2.334200000000000000e+04
1.323559999999999945e+03,2.038700000000000000e+04
1.324359999999999900e+03,2.339000000000000000e+04
1.325160000000000082e+03,2.019200000000000000e+04
1.325960000000000036e+03,2.324400000000000000e+04
1.326759999999999991e+03,2.020200000000000000e+04
1.327559999999999945e+03,2.320900000000000000e+04
1.328359999999999900e+03,2.010000000000000000e+04
1.329160000000000082e+03,2.307500000000000000e+04
1.329960000000000036e+03,2.005100000000000000e+04
1.330759999999999991e+03,2.302600000000000000e+04
1.331559999999999945e+03,1.984600000000000000e+04
1.332359999999999900e+03,2.287700000000000000e+04
1.333160000000000082e+03,1.980600000000000000e+04
1.333960000000000036e+03,2.282400000000000000e+04
1.334759999999999991e+03,1.975700000000000000e+04
1.335559999999999945e+03,2.259200000000000000e+04
1.336359999999999900e+03,1.966900000000000000e+04
1.337160000000000082e+03,2.265100000000000000e+04
1.337960000000000036e+03,1.947900000000000000e+04
1.338759999999999991e+03,2.239000000000000000e+04
1.339559999999999945e+03,1.949300000000000000e+04
1.340359999999999900e+03,2.245700000000000000e+04
1.341160000000000082e+03,1.942000000000000000e+04
1.341960000000000036e+03,2.227200000000000000e+04
1.342759999999999991e+03,1.926000000000000000e+04
1.343559999999999945e+03,2.225600000000000000e+04
1.344359999999999900e+03,1.927000000000000000e+04
1.345160000000000082e+03,2.227300000000000000e+04
1.345960000000000036e+03,1.921500000000000000e+04
1.346759999999999991e+03,2.205400000000000000e+04
1.347559999999999945e+03,1.909400000000000000e+04
1.348359999999999900e+03,2.189200000000000000e+04
1.349150000000000091e+03,1.900300000000000000e+04
1.349950000000000045e+03,2.187100000000000000e+04
1.350750000000000000e+03,1.883300000000000000e+04
1.351549999999999955e+03,2.154400000000000000e+04
1.352349999999999909e+03,1.866800000000000000e+04
1.353150000000000091e+03,2.152600000000000000e+04
1.353950000000000045e+03,1.845000000000000000e+04
1.354750000000000000e+03,2.128400000000000000e+04
1.355549999999999955e+03,1.831200000000000000e+04
1.356349999999999909e+03,2.109500000000000000e+04
1.357150000000000091e+03,1.815900000000000000e+04
1.357950000000000045e+03,2.078000000000000000e+04
1.358750000000000000e+03,1.797800000000000000e+04
1.359549999999999955e+03,2.060500000000000000e+04
1.360349999999999909e+03,1.773700000000000000e+04
1.361150000000000091e+03,2.031300000000000000e+04
1.361950000000000045e+03,1.744000000000000000e+04
1.362750000000000000e+03,2.014900000000000000e+04
1.363549999999999955e+03,1.735900000000000000e+04
1.364349999999999909e+03,1.999400000000000000e+04
1.365150000000000091e+03,1.715200000000000000e+04
1.365950000000000045e+03,1.967500000000000000e+04
1.366750000000000000e+03,1.695000000000000000e+04
1.367549999999999955e+03,1.956200000000000000e+04
1.368339999999999918e+03,1.675700000000000000e+04
1.369140000000000100e+03,1.930000000000000000e+04
1.369940000000000055e+03,1.658400000000000000e+04
1.370740000000000009e+03,1.924800000000000000e+04
1.371539999999999964e+03,1.650000000000000000e+04
1.372339999999999918e+03,1.916000000000000000e+04
1.373140000000000100e+03,1.640500000000000000e+04
1.373940000000000055e+03,1.885700000000000000e+04
1.374740000000000009e+03,1.619100000000000000e+04
1.375539999999999964e+03,1.886500000000000000e+04
1.376339999999999918e+03,1.601900000000000000e+04
1.377140000000000100e+03,1.848900000000000000e+04
1.377940000000000055e+03,1.592200000000000000e+04
1.378740000000000009e+03,1.835100000000000000e+04
1.379539999999999964e+03,1.561200000000000000e+04
1.380339999999999918e+03,1.801300000000000000e+04
1.381140000000000100e+03,1.545300000000000000e+04
1.381930000000000064e+03,1.774000000000000000e+04
1.382730000000000018e+03,1.522900000000000000e+04
1.383529999999999973e+03,1.751300000000000000e+04
1.384329999999999927e+03,1.499200000000000000e+04
1.385130000000000109e+03,1.737200000000000000e+04
1.385930000000000064e+03,1.486500000000000000e+04
1.386730000000000018e+03,1.710600000000000000e+04
1.387529999999999973e+03,1.461400000000000000e+04
1.388329999999999927e+03,1.698800000000000000e+04
1.389130000000000109e+03,1.464200000000000000e+04
1.389930000000000064e+03,1.693000000000000000e+04
1.390730000000000018e+03,1.448000000000000000e+04
1.391529999999999973e+03,1.687400000000000000e+04
1.392319999999999936e+03,1.451700000000000000e+04
1.393119999999999891e+03,1.693900000000000000e+04
1.393920000000000073e+03,1.451600000000000000e+04
1.394720000000000027e+03,1.689100000000000000e+04
1.395519999999999982e+03,1.453000000000000000e+04
1.396319999999999936e+03,1.691200000000000000e+04
1.397119999999999891e+03,1.469000000000000000e+04
1.397920000000000073e+03,1.704000000000000000e+04
1.398720000000000027e+03,1.459500000000000000e+04
1.399519999999999982e+03,1.687600000000000000e+04
1.400319999999999936e+03,1.454000000000000000e+04
1.401109999999999900e+03,1.693000000000000000e+04
1.401910000000000082e+03,1.442500000000000000e+04
1.402710000000000036e+03,1.684600000000000000e+04
1.403509999999999991e+03,1.443900000000000000e+04
1.404309999999999945e+03,1.681100000000000000e+04
1.405109999999999900e+03,1.447900000000000000e+04
1.405910000000000082e+03,1.666700000000000000e+04
1.406710000000000036e+03,1.429700000000000000e+04
1.407509999999999991e+03,1.671500000000000000e+04
1.408309999999999945e+03,1.435100000000000000e+04
1.409099999999999909e+03,1.666000000000000000e+04
1.409900000000000091e+03,1.433700000000000000e+04
1.410700000000000045e+03,1.668500000000000000e+04
1.411500000000000000e+03,1.422900000000000000e+04
1.412299999999999955e+03,1.649100000000000000e+04
1.413099999999999909e+03,1.429700000000000000e+04
1.413900000000000091e+03,1.655100000000000000e+04
1.414700000000000045e+03,1.414100000000000000e+04
1.415500000000000000e+03,1.651000000000000000e+04
1.416289999999999964e+03,1.422100000000000000e+04
1.417089999999999918e+03,1.650500000000000000e+04
1.417890000000000100e+03,1.426400000000000000e+04
1.418690000000000055e+03,1.656700000000000000e+04
1.419490000000000009e+03,1.432800000000000000e+04
1.420289999999999964e+03,1.667600000000000000e+04
1.421089999999999918e+03,1.426400000000000000e+04
1.421890000000000100e+03,1.658600000000000000e+04
1.422680000000000064e+03,1.422000000000000000e+04
1.423480000000000018e+03,1.655400000000000000e+04
1.424279999999999973e+03,1.421200000000000000e+04
1.425079999999999927e+03,1.641000000000000000e+04
1.425880000000000109e+03,1.407700000000000000e+04
1.426680000000000064e+03,1.644300000000000000e+04
1.427480000000000018e+03,1.408400000000000000e+04
1.428279999999999973e+03,1.636100000000000000e+04
1.429069999999999936e+03,1.412800000000000000e+04
1.429869999999999891e+03,1.644200000000000000e+04
1.430670000000000073e+03,1.410700000000000000e+04
1.431470000000000027e+03,1.640100000000000000e+04
1.432269999999999982e+03,1.402000000000000000e+04
1.433069999999999936e+03,1.632100000000000000e+04
1.433869999999999891e+03,1.395900000000000000e+04
1.434660000000000082e+03,1.627300000000000000e+04
1.435460000000000036e+03,1.401800000000000000e+04
1.436259999999999991e+03,1.636000000000000000e+04
1.437059999999999945e+03,1.386200000000000000e+04
1.437859999999999900e+03,1.628000000000000000e+04
1.438660000000000082e+03,1.394600000000000000e+04
1.439450000000000045e+03,1.620700000000000000e+04
1.440250000000000000e+03,1.392800000000000000e+04
1.441049999999999955e+03,1.618300000000000000e+04
1.441849999999999909e+03,1.394900000000000000e+04
1.442650000000000091e+03,1.613200000000000000e+04
1.443450000000000045e+03,1.394100000000000000e+04
1.444250000000000000e+03,1.608800000000000000e+04
1.445039999999999964e+03,1.394600000000000000e+04
1.445839999999999918e+03,1.613600000000000000e+04
1.446640000000000100e+03,1.389700000000000000e+04
1.447440000000000055e+03,1.609200000000000000e+04
1.448240000000000009e+03,1.386800000000000000e+04
1.449039999999999964e+03,1.612300000000000000e+04
1.449829999999999927e+03,1.383300000000000000e+04
1.450630000000000109e+03,1.602900000000000000e+04
1.451430000000000064e+03,1.374500000000000000e+04
1.452230000000000018e+03,1.602000000000000000e+04
1.453029999999999973e+03,1.375100000000000000e+04
1.453829999999999927e+03,1.583700000000000000e+04
1.454619999999999891e+03,1.376100000000000000e+04
